lx = 243.185897
ly = 250.157087
lz = 1528.942451
num_pixels = 28722
map_nx = 24
map_ny = 25
map_nz = 152
corr_var_s = 0.23
corr_l_perp = 5
corr_l_para = 5
pcg_tol = 1.0e-5
pcg_max_iter = 1000
