lx = 57.717609
ly = 55.821891
lz = 29.994732
num_pixels = 8796
map_nx = 14
map_ny = 13
map_nz = 7
corr_var_s = 0.23
corr_l_perp = 5
corr_l_para = 5
pcg_tol = 1.0e-5
pcg_max_iter = 1000
