lx = 97.421377
ly = 11.044667
lz = 80.999818
num_pixels = 10153
map_nx = 21
map_ny = 0
map_nz = 17
corr_var_s = 0.05
corr_l_perp = 2.5
corr_l_para = 2.5
pcg_tol = 1.0e-5
pcg_max_iter = 1000
