lx = 249.711332
ly = 273.324682
lz = 1160.177651
num_pixels = 989664
map_nx = 24
map_ny = 27
map_nz = 116
corr_var_s = 0.23
corr_l_perp = 5
corr_l_para = 5
pcg_tol = 1.0e-5
pcg_max_iter = 1000
