lx = 268.990864
ly = 297.841541
lz = 1160.049847
num_pixels = 2433528
map_nx = 26
map_ny = 29
map_nz = 116
corr_var_s = 0.23
corr_l_perp = 5
corr_l_para = 5
pcg_tol = 1.0e-5
pcg_max_iter = 1000
