lx = 252.370059
ly = 276.188441
lz = 11.999953
num_pixels = 1391
map_nx = 107
map_ny = 114
map_nz = 0
corr_var_s = 0.23
corr_l_perp = 5
corr_l_para = 5
pcg_tol = 1.0e-5
pcg_max_iter = 1000
