lx = 242.003428
ly = 248.907900
lz = 1519.331760
num_pixels = 85947
map_nx = 24
map_ny = 24
map_nz = 151
corr_var_s = 0.23
corr_l_perp = 10
corr_l_para = 10
pcg_tol = 1.0e-5
pcg_max_iter = 5000
