lx = 249.611045
ly = 273.214458
lz = 1159.438212
num_pixels = 989664
map_nx = 24
map_ny = 27
map_nz = 115
corr_var_s = 0.23
corr_l_perp = 5
corr_l_para = 5
pcg_tol = 1.0e-5
pcg_max_iter = 1000
